
[case]
rpm = 6000
v_inf = 0.0

[rotor]
nblades = 2
diameter = 0.25
radius_hub = 0.0185
section = naca0012 naca0012 naca0012 naca0012 naca0012 naca0012 naca0012 naca0012 naca0012 naca0012
radius = 0.0185 0.030333333 0.042166667 0.054 0.065833333 0.077666667 0.0895 0.101333333 0.113166667 0.125
chord  = 0.03 0.03 0.03 0.03 0.03 0.03 0.03 0.03 0.03 0.03
pitch = 10 10 10 10 10 10 10 10 10 10


[fluid]
rho=1.225
mu=1.81e-5